110010100101100000001100011100
111011100010000010010001011100
001100001110101000101100100001
000101110100011111101001001000
111010001011111111110011011011
001001000010110100001010001001
000011110011000101010101100101
111000000000100001111111111010
000010100010000100100000000000
110001101100001001011010001000
100010001010100110101001101011
111010000100010010100011101110
001010000111000001111110110101
001111100010101011101010000100
110000100110010100000011100000
000011101000000000000010100111
001100100011101100110010101001
100100001110100100101111000001
110010111010100101110100101011
011011101001110100111001110001
101011011010001111001001100001
111001001000110110000110110001
010001111110110111100010101011
010111010010001101001010110100
110000000010010011101101110011
